convnet.c1.weight
convnet.c3.weight
convnet.c3.bias
convnet.c5.weight
convnet.c5.bias
fc.f6.weight
fc.f6.bias
fc.f7.weight
fc.f7.bias
PYTORCH 0 0 tensor([0., 0., 0., 0., 0., 0., 0., 0., 0., 0., 0., 0., 0., 0., 0., 0., 0., 0., 0., 0., 0., 0., 0., 0.,
        0., 0., 0., 0.], grad_fn=<SelectBackward>)
PYTORCH 0 1 tensor([0., 0., 0., 0., 0., 0., 0., 0., 0., 0., 0., 0., 0., 0., 0., 0., 0., 0., 0., 0., 0., 0., 0., 0.,
        0., 0., 0., 0.], grad_fn=<SelectBackward>)
PYTORCH 0 2 tensor([ 0.0000,  0.0000,  0.0000,  0.0000,  0.0000,  0.0000,  0.0000,  0.0000,
         0.0000,  0.0000,  0.0000,  0.0000, -0.0057,  0.0058,  0.1120,  0.3287,
         0.4375,  0.4125,  0.0594, -0.1226, -0.1896, -0.0119,  0.0000,  0.0000,
         0.0000,  0.0000,  0.0000,  0.0000], grad_fn=<SelectBackward>)
PYTORCH 0 3 tensor([ 0.0000,  0.0000,  0.0000,  0.0000,  0.0000,  0.0000,  0.0000,  0.0000,
         0.0000,  0.0000, -0.0122,  0.0400,  0.1484,  0.3356,  0.4624,  0.5606,
         0.5590,  0.4584,  0.0756, -0.2256, -0.2330, -0.0182,  0.0000,  0.0000,
         0.0000,  0.0000,  0.0000,  0.0000], grad_fn=<SelectBackward>)
PYTORCH 0 4 tensor([ 0.0000,  0.0000,  0.0000,  0.0000,  0.0000,  0.0000,  0.0000, -0.0030,
        -0.0114,  0.1169,  0.3083,  0.4595,  0.4702,  0.5531,  0.5816,  0.5198,
         0.5957,  0.4446,  0.2254, -0.1063, -0.0293, -0.0026,  0.0000,  0.0000,
         0.0000,  0.0000,  0.0000,  0.0000], grad_fn=<SelectBackward>)
PYTORCH 0 5 tensor([ 0.0000,  0.0000,  0.0000,  0.0000,  0.0000,  0.0000,  0.0000, -0.0252,
         0.0990,  0.3588,  0.6539,  0.6117,  0.4489,  0.4029,  0.5060,  0.6153,
         0.7558,  0.6190,  0.5156,  0.1689,  0.1533,  0.0104,  0.0000,  0.0000,
         0.0000,  0.0000,  0.0000,  0.0000], grad_fn=<SelectBackward>)
PYTORCH 0 6 tensor([ 0.0000,  0.0000,  0.0000,  0.0000,  0.0000,  0.0000, -0.0174,  0.0568,
         0.4791,  0.8342,  0.7649,  0.4194,  0.3780,  0.4883,  0.7286,  1.0287,
         1.0840,  0.9204,  0.5775,  0.1836,  0.1026,  0.0084,  0.0000,  0.0000,
         0.0000,  0.0000,  0.0000,  0.0000], grad_fn=<SelectBackward>)
PYTORCH 0 7 tensor([ 0.0000e+00,  0.0000e+00,  0.0000e+00,  0.0000e+00,  0.0000e+00,
        -8.0946e-03,  2.7969e-03,  3.5393e-01,  8.5928e-01,  8.5801e-01,
         4.9212e-01,  3.0085e-01,  6.6126e-01,  8.3621e-01,  9.0403e-01,
         7.9965e-01,  6.7319e-01,  6.0174e-01,  2.2123e-01,  8.1755e-02,
         6.7960e-03,  3.3959e-05,  0.0000e+00,  0.0000e+00,  0.0000e+00,
         0.0000e+00,  0.0000e+00,  0.0000e+00], grad_fn=<SelectBackward>)
PYTORCH 0 8 tensor([ 0.0000e+00,  0.0000e+00,  0.0000e+00,  0.0000e+00,  0.0000e+00,
        -3.7779e-02,  2.4438e-01,  7.8463e-01,  1.0663e+00,  7.8404e-01,
         5.7552e-01,  6.5795e-01,  7.6798e-01,  5.5867e-01,  3.2557e-01,
         1.4359e-01,  1.4823e-01,  1.1708e-01,  1.4449e-02,  6.5643e-04,
         2.3347e-05,  0.0000e+00,  0.0000e+00,  0.0000e+00,  0.0000e+00,
         0.0000e+00,  0.0000e+00,  0.0000e+00], grad_fn=<SelectBackward>)
PYTORCH 0 9 tensor([ 0.0000e+00,  0.0000e+00,  0.0000e+00,  0.0000e+00, -9.6740e-03,
         3.6694e-02,  5.6238e-01,  1.0432e+00,  9.3896e-01,  6.8540e-01,
         4.8794e-01,  4.3178e-01,  2.1081e-01,  2.0219e-02,  6.3308e-04,
         2.3347e-05,  0.0000e+00,  0.0000e+00,  0.0000e+00,  0.0000e+00,
         0.0000e+00,  0.0000e+00,  0.0000e+00,  0.0000e+00,  0.0000e+00,
         0.0000e+00,  0.0000e+00,  0.0000e+00], grad_fn=<SelectBackward>)
PYTORCH 0 10 tensor([ 0.0000e+00,  0.0000e+00,  0.0000e+00,  0.0000e+00, -3.9449e-02,
         3.5429e-01,  8.9814e-01,  1.2631e+00,  9.2819e-01,  5.8000e-01,
         1.6517e-01,  1.7622e-01,  2.0774e-02,  4.7203e-03, -7.2696e-04,
        -3.9995e-03, -2.5509e-03,  0.0000e+00,  0.0000e+00,  0.0000e+00,
         0.0000e+00,  0.0000e+00,  0.0000e+00,  0.0000e+00,  0.0000e+00,
         0.0000e+00,  0.0000e+00,  0.0000e+00], grad_fn=<SelectBackward>)
PYTORCH 0 11 tensor([ 0.0000,  0.0000,  0.0000,  0.0000,  0.0040,  0.5272,  1.0291,  1.4304,
         1.1697,  0.7818,  0.4266,  0.3823,  0.3010,  0.2419,  0.1552,  0.1202,
         0.0847,  0.0082, -0.0859, -0.0571, -0.0213,  0.0000,  0.0000,  0.0000,
         0.0000,  0.0000,  0.0000,  0.0000], grad_fn=<SelectBackward>)
PYTORCH 0 12 tensor([-0.0169, -0.0298,  0.0000,  0.0000,  0.1753,  0.4998,  1.0034,  1.3976,
         1.2441,  0.7395,  0.4888,  0.3504,  0.3406,  0.3170,  0.3610,  0.4061,
         0.4108,  0.2677,  0.1736,  0.0187, -0.1011, -0.1258, -0.0434,  0.0000,
         0.0000,  0.0000, -0.0069,  0.0310], grad_fn=<SelectBackward>)
PYTORCH 0 13 tensor([-1.4072e-02, -1.1537e-02,  0.0000e+00,  0.0000e+00,  2.2809e-01,
         4.6926e-01,  1.0403e+00,  1.2457e+00,  1.1064e+00,  7.5716e-01,
         6.9537e-01,  6.0736e-01,  5.5577e-01,  5.0776e-01,  5.1108e-01,
         4.7104e-01,  4.6321e-01,  4.4863e-01,  5.0849e-01,  4.2115e-01,
         2.7047e-01, -2.1011e-02, -1.4927e-01, -1.4449e-01, -1.7856e-02,
         0.0000e+00, -3.9697e-04,  1.5094e-02], grad_fn=<SelectBackward>)
PYTORCH 0 14 tensor([ 0.0096,  0.0066,  0.0000,  0.0000,  0.1358,  0.4342,  0.9095,  0.9682,
         0.8463,  0.7525,  0.7547,  0.7543,  0.7500,  0.8176,  0.7964,  0.7763,
         0.7778,  0.6885,  0.6253,  0.6034,  0.6406,  0.4423,  0.0508, -0.1798,
        -0.1615, -0.0281,  0.0292,  0.0437], grad_fn=<SelectBackward>)
PYTORCH 0 15 tensor([ 0.0164,  0.0184,  0.0000,  0.0000,  0.0608,  0.2920,  0.5533,  0.7194,
         0.7773,  0.8221,  0.8463,  0.8463,  0.8353,  0.7888,  0.7206,  0.8254,
         0.8137,  0.8355,  0.8048,  0.7935,  0.7523,  0.8038,  0.5482,  0.0268,
        -0.2238, -0.1367,  0.0117,  0.0058], grad_fn=<SelectBackward>)
PYTORCH 0 16 tensor([ 1.3931e-03,  7.4286e-05,  0.0000e+00,  0.0000e+00,  5.8772e-03,
         5.3196e-02,  1.7714e-01,  3.0762e-01,  3.5327e-01,  3.5520e-01,
         3.5529e-01,  3.5529e-01,  3.6181e-01,  4.0762e-01,  5.1205e-01,
         6.1497e-01,  6.3169e-01,  7.6405e-01,  8.0828e-01,  8.6112e-01,
         7.7469e-01,  9.8251e-01,  8.8859e-01,  4.0095e-01, -1.6526e-01,
        -2.0925e-01,  1.0826e-02,  4.6710e-02], grad_fn=<SelectBackward>)
PYTORCH 0 17 tensor([ 0.0000e+00,  0.0000e+00,  0.0000e+00,  0.0000e+00,  0.0000e+00,
         0.0000e+00,  0.0000e+00,  0.0000e+00,  0.0000e+00,  0.0000e+00,
         0.0000e+00,  0.0000e+00,  3.0933e-04,  2.5719e-03,  1.2849e-02,
         6.0899e-02,  1.8256e-01,  3.6868e-01,  5.3209e-01,  8.0553e-01,
         9.2897e-01,  1.1501e+00,  1.0655e+00,  5.2042e-01, -7.4236e-02,
        -1.4277e-01,  0.0000e+00,  0.0000e+00], grad_fn=<SelectBackward>)
PYTORCH 0 18 tensor([ 0.0000,  0.0000,  0.0000,  0.0000,  0.0000,  0.0000,  0.0000,  0.0000,
         0.0000,  0.0000, -0.0055,  0.0304,  0.0203,  0.0103, -0.0238,  0.0000,
         0.0000,  0.0197,  0.1334,  0.4942,  1.0994,  1.4652,  1.0326,  0.3177,
        -0.0771,  0.0414,  0.0000,  0.0000], grad_fn=<SelectBackward>)
PYTORCH 0 19 tensor([ 0.0000e+00,  0.0000e+00,  0.0000e+00,  0.0000e+00,  0.0000e+00,
         0.0000e+00,  0.0000e+00,  0.0000e+00, -5.9229e-04, -3.4850e-02,
         1.9241e-01,  2.5516e-01,  1.5799e-01, -1.2219e-01, -7.3348e-02,
         8.9288e-03,  3.1749e-02,  1.2206e-01,  3.1155e-01,  5.7658e-01,
         1.1046e+00,  1.0598e+00,  7.4653e-01,  1.9875e-01,  6.8077e-02,
         1.2075e-01,  0.0000e+00,  0.0000e+00], grad_fn=<SelectBackward>)
PYTORCH 0 20 tensor([ 0.0000,  0.0000,  0.0000,  0.0000,  0.0000,  0.0000,  0.0000,  0.0000,
        -0.0144,  0.0284,  0.3911,  0.5907,  0.4277,  0.1381,  0.2414,  0.3272,
         0.3379,  0.3889,  0.5550,  0.6533,  0.6303,  0.5243,  0.6358,  0.3646,
         0.1555,  0.0823,  0.0000,  0.0000], grad_fn=<SelectBackward>)
PYTORCH 0 21 tensor([ 0.0000,  0.0000,  0.0000,  0.0000,  0.0000,  0.0000,  0.0000,  0.0000,
        -0.0068,  0.1910,  0.5659,  0.7871,  0.7401,  0.4660,  0.4966,  0.4791,
         0.4377,  0.4217,  0.4768,  0.5083,  0.4904,  0.6696,  0.7001,  0.3382,
         0.1258,  0.0161,  0.0000,  0.0000], grad_fn=<SelectBackward>)
PYTORCH 0 22 tensor([0.0000e+00, 0.0000e+00, 0.0000e+00, 0.0000e+00, 0.0000e+00, 0.0000e+00,
        0.0000e+00, 0.0000e+00, 6.1525e-02, 3.2218e-01, 4.7126e-01, 8.5637e-01,
        7.5430e-01, 7.2720e-01, 6.9421e-01, 6.4923e-01, 6.0756e-01, 5.7404e-01,
        5.6066e-01, 6.9288e-01, 8.3989e-01, 8.4791e-01, 4.1696e-01, 1.4745e-01,
        1.9484e-02, 6.3673e-05, 0.0000e+00, 0.0000e+00],
       grad_fn=<SelectBackward>)
PYTORCH 0 23 tensor([0.0000e+00, 0.0000e+00, 0.0000e+00, 0.0000e+00, 0.0000e+00, 0.0000e+00,
        0.0000e+00, 0.0000e+00, 6.1343e-02, 3.5445e-01, 6.7430e-01, 1.0020e+00,
        8.7407e-01, 8.9945e-01, 8.5971e-01, 8.0314e-01, 7.5681e-01, 8.1207e-01,
        8.9374e-01, 9.0429e-01, 7.0668e-01, 3.5056e-01, 9.0355e-02, 1.7374e-03,
        7.2163e-05, 0.0000e+00, 0.0000e+00, 0.0000e+00],
       grad_fn=<SelectBackward>)
PYTORCH 0 24 tensor([0.0000e+00, 0.0000e+00, 0.0000e+00, 0.0000e+00, 0.0000e+00, 0.0000e+00,
        0.0000e+00, 0.0000e+00, 3.7001e-02, 2.2662e-01, 4.8846e-01, 8.3430e-01,
        8.1813e-01, 9.2209e-01, 9.6069e-01, 9.7664e-01, 9.0474e-01, 8.0925e-01,
        6.3242e-01, 3.7446e-01, 1.2008e-01, 1.0907e-02, 2.0375e-04, 0.0000e+00,
        0.0000e+00, 0.0000e+00, 0.0000e+00, 0.0000e+00],
       grad_fn=<SelectBackward>)
PYTORCH 0 25 tensor([0.0000e+00, 0.0000e+00, 0.0000e+00, 0.0000e+00, 0.0000e+00, 0.0000e+00,
        0.0000e+00, 0.0000e+00, 1.3301e-02, 1.1863e-01, 3.6481e-01, 5.6047e-01,
        5.7903e-01, 5.7990e-01, 5.6168e-01, 4.7644e-01, 3.1924e-01, 1.6366e-01,
        6.0256e-02, 1.3907e-02, 5.8746e-04, 2.7592e-05, 0.0000e+00, 0.0000e+00,
        0.0000e+00, 0.0000e+00, 0.0000e+00, 0.0000e+00],
       grad_fn=<SelectBackward>)
PYTORCH 0 26 tensor([0., 0., 0., 0., 0., 0., 0., 0., 0., 0., 0., 0., 0., 0., 0., 0., 0., 0., 0., 0., 0., 0., 0., 0.,
        0., 0., 0., 0.], grad_fn=<SelectBackward>)
PYTORCH 0 27 tensor([0., 0., 0., 0., 0., 0., 0., 0., 0., 0., 0., 0., 0., 0., 0., 0., 0., 0., 0., 0., 0., 0., 0., 0.,
        0., 0., 0., 0.], grad_fn=<SelectBackward>)
PYTORCH 1 0 tensor([0., 0., 0., 0., 0., 0., 0., 0., 0., 0., 0., 0., 0., 0., 0., 0., 0., 0., 0., 0., 0., 0., 0., 0.,
        0., 0., 0., 0.], grad_fn=<SelectBackward>)
PYTORCH 1 1 tensor([0., 0., 0., 0., 0., 0., 0., 0., 0., 0., 0., 0., 0., 0., 0., 0., 0., 0., 0., 0., 0., 0., 0., 0.,
        0., 0., 0., 0.], grad_fn=<SelectBackward>)
PYTORCH 1 2 tensor([ 0.0000,  0.0000,  0.0000,  0.0000,  0.0000,  0.0000,  0.0000,  0.0000,
         0.0000,  0.0000,  0.0000,  0.0000, -0.0074, -0.0399, -0.0938, -0.1211,
        -0.0970,  0.0252,  0.1572,  0.1578,  0.1489,  0.0091,  0.0000,  0.0000,
         0.0000,  0.0000,  0.0000,  0.0000], grad_fn=<SelectBackward>)
PYTORCH 1 3 tensor([ 0.0000,  0.0000,  0.0000,  0.0000,  0.0000,  0.0000,  0.0000,  0.0000,
         0.0000,  0.0000, -0.0159, -0.0495, -0.0957, -0.1464, -0.1551, -0.1568,
        -0.1129,  0.0500,  0.1763,  0.2652,  0.2319,  0.0171,  0.0000,  0.0000,
         0.0000,  0.0000,  0.0000,  0.0000], grad_fn=<SelectBackward>)
PYTORCH 1 4 tensor([ 0.0000,  0.0000,  0.0000,  0.0000,  0.0000,  0.0000,  0.0000, -0.0038,
        -0.0393, -0.0910, -0.1275, -0.1375, -0.0745,  0.0608,  0.2390,  0.3269,
         0.4233,  0.2986,  0.2870,  0.2956,  0.2456,  0.0169,  0.0000,  0.0000,
         0.0000,  0.0000,  0.0000,  0.0000], grad_fn=<SelectBackward>)
PYTORCH 1 5 tensor([ 0.0000e+00,  0.0000e+00,  0.0000e+00,  0.0000e+00,  0.0000e+00,
         0.0000e+00,  0.0000e+00, -3.5789e-02, -1.1665e-01, -1.6612e-01,
        -1.5370e-01,  1.9865e-02,  3.1155e-01,  5.8436e-01,  8.9186e-01,
         1.1412e+00,  1.2212e+00,  6.6977e-01,  1.8379e-01, -1.0559e-01,
        -4.5562e-02,  4.7439e-04,  0.0000e+00,  0.0000e+00,  0.0000e+00,
         0.0000e+00,  0.0000e+00,  0.0000e+00], grad_fn=<SelectBackward>)
PYTORCH 1 6 tensor([ 0.0000,  0.0000,  0.0000,  0.0000,  0.0000,  0.0000, -0.0226, -0.1013,
        -0.0518,  0.0702,  0.3062,  0.6560,  0.9714,  0.9704,  0.8418,  0.7797,
         0.7894,  0.7468,  0.3934,  0.0810, -0.0174, -0.0046,  0.0000,  0.0000,
         0.0000,  0.0000,  0.0000,  0.0000], grad_fn=<SelectBackward>)
PYTORCH 1 7 tensor([ 0.0000,  0.0000,  0.0000,  0.0000,  0.0000, -0.0105, -0.0810, -0.0638,
         0.1877,  0.5820,  0.9308,  1.0346,  0.6559,  0.3750,  0.2540,  0.2155,
         0.3566,  0.5497,  0.3773,  0.1606,  0.0964,  0.0080,  0.0000,  0.0000,
         0.0000,  0.0000,  0.0000,  0.0000], grad_fn=<SelectBackward>)
PYTORCH 1 8 tensor([ 0.0000,  0.0000,  0.0000,  0.0000,  0.0000, -0.0573, -0.0925,  0.1254,
         0.3715,  0.6828,  0.8370,  0.6664,  0.2811,  0.2141,  0.3269,  0.2111,
         0.1485,  0.1543,  0.0881,  0.0631,  0.0055,  0.0000,  0.0000,  0.0000,
         0.0000,  0.0000,  0.0000,  0.0000], grad_fn=<SelectBackward>)
PYTORCH 1 9 tensor([ 0.0000,  0.0000,  0.0000,  0.0000, -0.0126, -0.0859,  0.0591,  0.3276,
         0.5266,  0.7191,  0.5465,  0.3457,  0.2071,  0.1672,  0.0576,  0.0055,
         0.0000,  0.0000,  0.0000,  0.0000,  0.0000,  0.0000,  0.0000,  0.0000,
         0.0000,  0.0000,  0.0000,  0.0000], grad_fn=<SelectBackward>)
PYTORCH 1 10 tensor([ 0.0000,  0.0000,  0.0000,  0.0000, -0.0610,  0.0010,  0.2339,  0.4986,
         0.6867,  0.8386,  0.4291,  0.1714,  0.0783,  0.0086,  0.0038,  0.0038,
         0.0020,  0.0000,  0.0000,  0.0000,  0.0000,  0.0000,  0.0000,  0.0000,
         0.0000,  0.0000,  0.0000,  0.0000], grad_fn=<SelectBackward>)
PYTORCH 1 11 tensor([ 0.0000,  0.0000,  0.0000,  0.0000, -0.0529,  0.1481,  0.3174,  0.5082,
         0.6669,  0.5385,  0.2341,  0.0477,  0.0653,  0.0773,  0.0857,  0.1084,
         0.1007,  0.0918,  0.0993,  0.0499,  0.0163,  0.0000,  0.0000,  0.0000,
         0.0000,  0.0000,  0.0000,  0.0000], grad_fn=<SelectBackward>)
PYTORCH 1 12 tensor([ 0.0215,  0.0228,  0.0000,  0.0000,  0.1357,  0.2956,  0.4757,  0.4620,
         0.4089,  0.1904,  0.1648,  0.0595, -0.0157, -0.0319, -0.0263,  0.0070,
         0.0116,  0.1024,  0.1700,  0.1846,  0.1539,  0.1090,  0.0333,  0.0000,
         0.0000,  0.0000, -0.0090, -0.0169], grad_fn=<SelectBackward>)
PYTORCH 1 13 tensor([ 0.0153,  0.0166,  0.0000,  0.0000,  0.2506,  0.5110,  0.8996,  0.9115,
         0.6414,  0.4456,  0.4707,  0.4916,  0.4390,  0.3675,  0.2948,  0.1755,
         0.0657, -0.0165, -0.0068,  0.0547,  0.1543,  0.2261,  0.1814,  0.1160,
         0.0137,  0.0000, -0.0075, -0.0095], grad_fn=<SelectBackward>)
PYTORCH 1 14 tensor([ 0.0136,  0.0233,  0.0000,  0.0000,  0.0397,  0.3401,  0.9281,  1.2567,
         1.1745,  0.9972,  0.8933,  0.8105,  0.7774,  0.7362,  0.6549,  0.5952,
         0.4650,  0.2485,  0.0144, -0.0493, -0.0358,  0.1299,  0.2376,  0.2422,
         0.1366,  0.0215,  0.0246,  0.0364], grad_fn=<SelectBackward>)
PYTORCH 1 15 tensor([-0.0430, -0.0255,  0.0000,  0.0000, -0.0887, -0.0512,  0.2718,  0.5892,
         0.7134,  0.6634,  0.6299,  0.6299,  0.6823,  0.7999,  0.8804,  1.0054,
         0.9932,  0.8941,  0.6329,  0.2543, -0.1408, -0.1237,  0.0596,  0.3074,
         0.2649,  0.1122,  0.0284,  0.0714], grad_fn=<SelectBackward>)
PYTORCH 1 16 tensor([ 0.0373,  0.0175,  0.0000,  0.0000, -0.0112, -0.0659, -0.0828,  0.0061,
         0.1083,  0.1793,  0.2023,  0.2023,  0.1912,  0.1481,  0.1801,  0.3577,
         0.5949,  0.9397,  1.1895,  1.2115,  0.7076,  0.0726, -0.1997,  0.0079,
         0.3618,  0.2199, -0.0207, -0.0234], grad_fn=<SelectBackward>)
PYTORCH 1 17 tensor([ 0.0000e+00,  0.0000e+00,  0.0000e+00,  0.0000e+00,  0.0000e+00,
         0.0000e+00,  0.0000e+00,  0.0000e+00,  0.0000e+00,  0.0000e+00,
         0.0000e+00,  0.0000e+00, -5.9153e-04, -3.0339e-03, -1.2488e-02,
        -6.1053e-02, -8.1448e-02,  2.0746e-02,  2.9446e-01,  8.3865e-01,
         1.1587e+00,  9.5792e-01,  2.8848e-01, -7.2633e-02,  2.2776e-01,
         2.6195e-01,  0.0000e+00,  0.0000e+00], grad_fn=<SelectBackward>)
PYTORCH 1 18 tensor([ 0.0000e+00,  0.0000e+00,  0.0000e+00,  0.0000e+00,  0.0000e+00,
         0.0000e+00,  0.0000e+00,  0.0000e+00,  0.0000e+00,  0.0000e+00,
        -7.1829e-03, -6.3635e-03,  6.4295e-04, -1.0962e-03,  1.8277e-02,
         0.0000e+00,  0.0000e+00, -5.0935e-02, -1.3702e-01, -4.5220e-02,
         4.7180e-01,  1.0491e+00,  9.5037e-01,  3.7641e-01,  2.0405e-01,
         1.2756e-01,  0.0000e+00,  0.0000e+00], grad_fn=<SelectBackward>)
PYTORCH 1 19 tensor([ 0.0000e+00,  0.0000e+00,  0.0000e+00,  0.0000e+00,  0.0000e+00,
         0.0000e+00,  0.0000e+00,  0.0000e+00, -7.6960e-04, -5.0193e-02,
        -7.4156e-02, -2.0193e-02, -1.7309e-02,  1.1698e-01,  6.9901e-02,
        -1.1315e-02, -3.9127e-02, -8.4501e-02, -1.4136e-01, -1.9194e-01,
         1.5138e-01,  7.3390e-01,  1.0934e+00,  7.3833e-01,  1.8747e-01,
         4.2085e-02,  0.0000e+00,  0.0000e+00], grad_fn=<SelectBackward>)
PYTORCH 1 20 tensor([ 0.0000,  0.0000,  0.0000,  0.0000,  0.0000,  0.0000,  0.0000,  0.0000,
        -0.0194, -0.1230, -0.1282, -0.1734, -0.0858,  0.1218,  0.0833, -0.0081,
        -0.0157, -0.0061,  0.0715,  0.2688,  0.5176,  0.7172,  0.9341,  0.5525,
         0.1351,  0.0123,  0.0000,  0.0000], grad_fn=<SelectBackward>)
PYTORCH 1 21 tensor([ 0.0000,  0.0000,  0.0000,  0.0000,  0.0000,  0.0000,  0.0000,  0.0000,
        -0.0245,  0.0067, -0.0552, -0.0928, -0.1780,  0.0990,  0.0590,  0.0510,
         0.1623,  0.3513,  0.5512,  0.8178,  0.8509,  0.7674,  0.4695,  0.1630,
         0.0478,  0.0506,  0.0000,  0.0000], grad_fn=<SelectBackward>)
PYTORCH 1 22 tensor([0.0000, 0.0000, 0.0000, 0.0000, 0.0000, 0.0000, 0.0000, 0.0000, 0.0446,
        0.3087, 0.5070, 0.5160, 0.2247, 0.2622, 0.4192, 0.5182, 0.6700, 0.9155,
        0.9790, 0.8074, 0.5331, 0.3872, 0.2131, 0.1042, 0.1016, 0.0150, 0.0000,
        0.0000], grad_fn=<SelectBackward>)
PYTORCH 1 23 tensor([0.0000, 0.0000, 0.0000, 0.0000, 0.0000, 0.0000, 0.0000, 0.0000, 0.0877,
        0.3647, 0.7966, 1.2529, 1.0682, 1.0479, 1.0123, 0.9278, 0.7394, 0.5722,
        0.4218, 0.2731, 0.2311, 0.2565, 0.2091, 0.1266, 0.0170, 0.0000, 0.0000,
        0.0000], grad_fn=<SelectBackward>)
PYTORCH 1 24 tensor([ 0.0000,  0.0000,  0.0000,  0.0000,  0.0000,  0.0000,  0.0000,  0.0000,
        -0.0083,  0.0933,  0.4601,  0.9004,  0.8932,  0.7694,  0.6982,  0.5873,
         0.3969,  0.2682,  0.2955,  0.3632,  0.2935,  0.1508,  0.0479,  0.0000,
         0.0000,  0.0000,  0.0000,  0.0000], grad_fn=<SelectBackward>)
PYTORCH 1 25 tensor([ 0.0000,  0.0000,  0.0000,  0.0000,  0.0000,  0.0000,  0.0000,  0.0000,
        -0.0254, -0.1458, -0.1290,  0.0740,  0.2185,  0.3241,  0.3650,  0.4169,
         0.4097,  0.3284,  0.2022,  0.0948,  0.0303,  0.0065,  0.0000,  0.0000,
         0.0000,  0.0000,  0.0000,  0.0000], grad_fn=<SelectBackward>)
PYTORCH 1 26 tensor([0., 0., 0., 0., 0., 0., 0., 0., 0., 0., 0., 0., 0., 0., 0., 0., 0., 0., 0., 0., 0., 0., 0., 0.,
        0., 0., 0., 0.], grad_fn=<SelectBackward>)
PYTORCH 1 27 tensor([0., 0., 0., 0., 0., 0., 0., 0., 0., 0., 0., 0., 0., 0., 0., 0., 0., 0., 0., 0., 0., 0., 0., 0.,
        0., 0., 0., 0.], grad_fn=<SelectBackward>)
PYTORCH 2 0 tensor([0., 0., 0., 0., 0., 0., 0., 0., 0., 0., 0., 0., 0., 0., 0., 0., 0., 0., 0., 0., 0., 0., 0., 0.,
        0., 0., 0., 0.], grad_fn=<SelectBackward>)
PYTORCH 2 1 tensor([0., 0., 0., 0., 0., 0., 0., 0., 0., 0., 0., 0., 0., 0., 0., 0., 0., 0., 0., 0., 0., 0., 0., 0.,
        0., 0., 0., 0.], grad_fn=<SelectBackward>)
PYTORCH 2 2 tensor([ 0.0000,  0.0000,  0.0000,  0.0000,  0.0000,  0.0000,  0.0000,  0.0000,
         0.0000,  0.0000,  0.0000,  0.0000,  0.0171,  0.0944,  0.2451,  0.3936,
         0.4898,  0.3724,  0.1754,  0.0291, -0.0754, -0.0050,  0.0000,  0.0000,
         0.0000,  0.0000,  0.0000,  0.0000], grad_fn=<SelectBackward>)
PYTORCH 2 3 tensor([0.0000, 0.0000, 0.0000, 0.0000, 0.0000, 0.0000, 0.0000, 0.0000, 0.0000,
        0.0000, 0.0366, 0.1191, 0.2687, 0.4849, 0.7609, 1.0548, 1.1858, 1.0369,
        0.7437, 0.3081, 0.1660, 0.0080, 0.0000, 0.0000, 0.0000, 0.0000, 0.0000,
        0.0000], grad_fn=<SelectBackward>)
PYTORCH 2 4 tensor([0.0000, 0.0000, 0.0000, 0.0000, 0.0000, 0.0000, 0.0000, 0.0089, 0.0918,
        0.2307, 0.4027, 0.6030, 0.7883, 0.8990, 1.0419, 1.2273, 1.3722, 1.2328,
        0.9664, 0.3529, 0.2494, 0.0196, 0.0000, 0.0000, 0.0000, 0.0000, 0.0000,
        0.0000], grad_fn=<SelectBackward>)
PYTORCH 2 5 tensor([0.0000, 0.0000, 0.0000, 0.0000, 0.0000, 0.0000, 0.0000, 0.0813, 0.2822,
        0.5962, 0.9278, 0.9770, 1.0572, 1.1193, 1.2119, 1.1338, 1.1102, 0.8045,
        0.4806, 0.3097, 0.0679, 0.0043, 0.0000, 0.0000, 0.0000, 0.0000, 0.0000,
        0.0000], grad_fn=<SelectBackward>)
PYTORCH 2 6 tensor([ 0.0000,  0.0000,  0.0000,  0.0000,  0.0000,  0.0000,  0.0520,  0.2596,
         0.5717,  0.8645,  1.0604,  1.0344,  0.9688,  0.8725,  0.7154,  0.5129,
         0.2725,  0.1103, -0.1615, -0.1529, -0.1042, -0.0065,  0.0000,  0.0000,
         0.0000,  0.0000,  0.0000,  0.0000], grad_fn=<SelectBackward>)
PYTORCH 2 7 tensor([ 0.0000,  0.0000,  0.0000,  0.0000,  0.0000,  0.0242,  0.1833,  0.5336,
         0.9272,  1.2112,  0.9805,  0.8060,  0.6349,  0.2097, -0.0146, -0.0808,
        -0.2414, -0.2713, -0.2391, -0.2373, -0.0967, -0.0072,  0.0000,  0.0000,
         0.0000,  0.0000,  0.0000,  0.0000], grad_fn=<SelectBackward>)
PYTORCH 2 8 tensor([ 0.0000,  0.0000,  0.0000,  0.0000,  0.0000,  0.1287,  0.4180,  0.9030,
         1.2092,  1.0591,  0.6450,  0.2405, -0.0962, -0.2355, -0.2663, -0.2618,
        -0.1299, -0.0555, -0.0880, -0.0586, -0.0050,  0.0000,  0.0000,  0.0000,
         0.0000,  0.0000,  0.0000,  0.0000], grad_fn=<SelectBackward>)
PYTORCH 2 9 tensor([ 0.0000,  0.0000,  0.0000,  0.0000,  0.0289,  0.2657,  0.7302,  1.1873,
         1.1797,  0.8122,  0.3009,  0.1000, -0.2359, -0.1651, -0.0537, -0.0050,
         0.0000,  0.0000,  0.0000,  0.0000,  0.0000,  0.0000,  0.0000,  0.0000,
         0.0000,  0.0000,  0.0000,  0.0000], grad_fn=<SelectBackward>)
PYTORCH 2 10 tensor([ 0.0000e+00,  0.0000e+00,  0.0000e+00,  0.0000e+00,  1.3680e-01,
         5.1248e-01,  9.9907e-01,  1.3608e+00,  8.8899e-01,  5.8972e-01,
         1.1211e-01, -1.5630e-01, -7.7126e-02,  1.1296e-03,  2.5292e-03,
        -6.7994e-04, -1.0774e-03,  0.0000e+00,  0.0000e+00,  0.0000e+00,
         0.0000e+00,  0.0000e+00,  0.0000e+00,  0.0000e+00,  0.0000e+00,
         0.0000e+00,  0.0000e+00,  0.0000e+00], grad_fn=<SelectBackward>)
PYTORCH 2 11 tensor([ 0.0000,  0.0000,  0.0000,  0.0000,  0.2003,  0.7872,  1.3201,  1.5388,
         1.3400,  0.7909,  0.5493,  0.3843,  0.4584,  0.4066,  0.3424,  0.2412,
         0.1626,  0.0809, -0.0032, -0.0157, -0.0090,  0.0000,  0.0000,  0.0000,
         0.0000,  0.0000,  0.0000,  0.0000], grad_fn=<SelectBackward>)
PYTORCH 2 12 tensor([ 0.0046, -0.0126,  0.0000,  0.0000,  0.1838,  0.6016,  1.2397,  1.3364,
         1.4864,  1.1972,  1.1007,  1.2039,  1.2673,  1.2471,  1.1862,  1.1496,
         0.9974,  0.7162,  0.4924,  0.2291,  0.0565, -0.0360, -0.0183,  0.0000,
         0.0000,  0.0000,  0.0207,  0.0419], grad_fn=<SelectBackward>)
PYTORCH 2 13 tensor([ 0.0385,  0.0344,  0.0000,  0.0000,  0.2162,  0.3399,  0.6623,  0.8576,
         0.8129,  0.8507,  0.9708,  1.0637,  1.0559,  1.1016,  1.1464,  1.2412,
         1.3251,  1.3729,  1.2822,  1.0100,  0.6418,  0.3258,  0.0601, -0.0540,
        -0.0075,  0.0000,  0.0146,  0.0510], grad_fn=<SelectBackward>)
PYTORCH 2 14 tensor([ 0.0109,  0.0097,  0.0000,  0.0000,  0.1052,  0.2490,  0.3108,  0.4027,
         0.3651,  0.4275,  0.5864,  0.6612,  0.6161,  0.5921,  0.6183,  0.6875,
         0.7444,  0.9740,  1.1549,  1.3765,  1.2488,  0.9117,  0.5051,  0.2030,
        -0.0335, -0.0119,  0.0101,  0.0080], grad_fn=<SelectBackward>)
PYTORCH 2 15 tensor([ 1.5304e-02, -3.7586e-04,  0.0000e+00,  0.0000e+00, -3.0737e-02,
         4.8709e-02,  1.1081e-01,  7.3461e-03, -8.4952e-02, -9.9995e-02,
        -1.0049e-01, -1.0049e-01, -6.6771e-02,  1.1613e-02,  3.7519e-02,
         1.3428e-01,  2.3643e-01,  3.6657e-01,  5.0155e-01,  9.1582e-01,
         1.2555e+00,  1.3006e+00,  8.9745e-01,  5.1937e-01,  1.8422e-01,
        -2.0721e-02,  3.0340e-02,  3.9963e-02], grad_fn=<SelectBackward>)
PYTORCH 2 16 tensor([-0.0389, -0.0158,  0.0000,  0.0000, -0.0051, -0.0274, -0.0321, -0.0448,
        -0.1152, -0.1861, -0.2068, -0.2068, -0.2113, -0.2266, -0.2044, -0.1412,
        -0.1228, -0.0368,  0.0838,  0.2648,  0.6346,  1.1366,  1.1290,  0.7178,
         0.3357,  0.0842, -0.0094, -0.0060], grad_fn=<SelectBackward>)
PYTORCH 2 17 tensor([ 0.0000e+00,  0.0000e+00,  0.0000e+00,  0.0000e+00,  0.0000e+00,
         0.0000e+00,  0.0000e+00,  0.0000e+00,  0.0000e+00,  0.0000e+00,
         0.0000e+00,  0.0000e+00, -2.6823e-04, -1.2453e-03, -5.4729e-03,
        -2.8044e-02, -3.8153e-02, -4.8822e-03,  3.9966e-02,  1.5197e-01,
         3.9314e-01,  6.9154e-01,  9.5035e-01,  7.1217e-01,  3.1249e-01,
         1.8107e-01,  0.0000e+00,  0.0000e+00], grad_fn=<SelectBackward>)
PYTORCH 2 18 tensor([ 0.0000,  0.0000,  0.0000,  0.0000,  0.0000,  0.0000,  0.0000,  0.0000,
         0.0000,  0.0000,  0.0165,  0.0170,  0.0162,  0.0138, -0.0101,  0.0000,
         0.0000, -0.0083,  0.0579,  0.3473,  0.7553,  0.8318,  0.8134,  0.4216,
         0.2077,  0.1694,  0.0000,  0.0000], grad_fn=<SelectBackward>)
PYTORCH 2 19 tensor([ 0.0000e+00,  0.0000e+00,  0.0000e+00,  0.0000e+00,  0.0000e+00,
         0.0000e+00,  0.0000e+00,  0.0000e+00,  1.7719e-03,  1.1581e-01,
         1.8668e-01,  2.0274e-01,  1.9219e-01, -5.6671e-03,  1.3078e-02,
         4.2441e-02,  1.1338e-01,  2.5034e-01,  4.5387e-01,  7.1361e-01,
         1.1002e+00,  1.0829e+00,  7.4422e-01,  3.0848e-01,  1.5027e-01,
         7.5766e-04,  0.0000e+00,  0.0000e+00], grad_fn=<SelectBackward>)
PYTORCH 2 20 tensor([ 0.0000,  0.0000,  0.0000,  0.0000,  0.0000,  0.0000,  0.0000,  0.0000,
         0.0444,  0.2774,  0.5842,  0.7895,  0.6740,  0.6397,  0.5707,  0.5360,
         0.6200,  0.7661,  0.9276,  1.0549,  1.1550,  1.0267,  0.6500,  0.2594,
        -0.0748, -0.0816,  0.0000,  0.0000], grad_fn=<SelectBackward>)
PYTORCH 2 21 tensor([ 0.0000,  0.0000,  0.0000,  0.0000,  0.0000,  0.0000,  0.0000,  0.0000,
         0.0567,  0.4052,  0.8185,  1.3734,  1.3805,  1.4313,  1.3869,  1.3110,
         1.2329,  1.2038,  1.2298,  1.2396,  0.9564,  0.6701,  0.2935, -0.0302,
        -0.1812, -0.0656,  0.0000,  0.0000], grad_fn=<SelectBackward>)
PYTORCH 2 22 tensor([ 0.0000,  0.0000,  0.0000,  0.0000,  0.0000,  0.0000,  0.0000,  0.0000,
         0.0415,  0.3819,  0.6844,  1.0807,  1.2304,  1.3888,  1.3587,  1.3461,
         1.2465,  1.1518,  0.9601,  0.7234,  0.3695,  0.0918, -0.1137, -0.2473,
        -0.1188, -0.0135,  0.0000,  0.0000], grad_fn=<SelectBackward>)
PYTORCH 2 23 tensor([ 0.0000,  0.0000,  0.0000,  0.0000,  0.0000,  0.0000,  0.0000,  0.0000,
         0.0748,  0.2547,  0.3728,  0.6200,  0.6118,  0.6752,  0.7600,  0.7769,
         0.6802,  0.5114,  0.2670,  0.0255, -0.1096, -0.2337, -0.2588, -0.1193,
        -0.0153,  0.0000,  0.0000,  0.0000], grad_fn=<SelectBackward>)
PYTORCH 2 24 tensor([ 0.0000,  0.0000,  0.0000,  0.0000,  0.0000,  0.0000,  0.0000,  0.0000,
         0.0177,  0.1599,  0.2420,  0.2039,  0.1327,  0.0635,  0.0457, -0.0398,
        -0.1496, -0.2241, -0.2491, -0.2640, -0.2536, -0.1591, -0.0432,  0.0000,
         0.0000,  0.0000,  0.0000,  0.0000], grad_fn=<SelectBackward>)
PYTORCH 2 25 tensor([ 0.0000,  0.0000,  0.0000,  0.0000,  0.0000,  0.0000,  0.0000,  0.0000,
        -0.0115, -0.0605, -0.0470, -0.0843, -0.2351, -0.3322, -0.3218, -0.3060,
        -0.2924, -0.2470, -0.1638, -0.0824, -0.0293, -0.0059,  0.0000,  0.0000,
         0.0000,  0.0000,  0.0000,  0.0000], grad_fn=<SelectBackward>)
PYTORCH 2 26 tensor([0., 0., 0., 0., 0., 0., 0., 0., 0., 0., 0., 0., 0., 0., 0., 0., 0., 0., 0., 0., 0., 0., 0., 0.,
        0., 0., 0., 0.], grad_fn=<SelectBackward>)
PYTORCH 2 27 tensor([0., 0., 0., 0., 0., 0., 0., 0., 0., 0., 0., 0., 0., 0., 0., 0., 0., 0., 0., 0., 0., 0., 0., 0.,
        0., 0., 0., 0.], grad_fn=<SelectBackward>)
PYTORCH 3 0 tensor([0., 0., 0., 0., 0., 0., 0., 0., 0., 0., 0., 0., 0., 0., 0., 0., 0., 0., 0., 0., 0., 0., 0., 0.,
        0., 0., 0., 0.], grad_fn=<SelectBackward>)
PYTORCH 3 1 tensor([0., 0., 0., 0., 0., 0., 0., 0., 0., 0., 0., 0., 0., 0., 0., 0., 0., 0., 0., 0., 0., 0., 0., 0.,
        0., 0., 0., 0.], grad_fn=<SelectBackward>)
PYTORCH 3 2 tensor([ 0.0000,  0.0000,  0.0000,  0.0000,  0.0000,  0.0000,  0.0000,  0.0000,
         0.0000,  0.0000,  0.0000,  0.0000,  0.0308,  0.1521,  0.3194,  0.3048,
         0.0737, -0.4327, -0.6887, -0.5780, -0.2878, -0.0166,  0.0000,  0.0000,
         0.0000,  0.0000,  0.0000,  0.0000], grad_fn=<SelectBackward>)
PYTORCH 3 3 tensor([ 0.0000,  0.0000,  0.0000,  0.0000,  0.0000,  0.0000,  0.0000,  0.0000,
         0.0000,  0.0000,  0.0658,  0.1765,  0.2922,  0.2814,  0.1255, -0.1286,
        -0.5127, -0.9712, -1.1844, -0.9039, -0.4057, -0.0280,  0.0000,  0.0000,
         0.0000,  0.0000,  0.0000,  0.0000], grad_fn=<SelectBackward>)
PYTORCH 3 4 tensor([ 0.0000,  0.0000,  0.0000,  0.0000,  0.0000,  0.0000,  0.0000,  0.0159,
         0.1559,  0.3077,  0.3121,  0.1214, -0.1569, -0.4089, -0.6152, -0.7833,
        -1.0599, -1.3055, -1.2058, -0.6869, -0.0606, -0.0037,  0.0000,  0.0000,
         0.0000,  0.0000,  0.0000,  0.0000], grad_fn=<SelectBackward>)
PYTORCH 3 5 tensor([ 0.0000,  0.0000,  0.0000,  0.0000,  0.0000,  0.0000,  0.0000,  0.1374,
         0.3253,  0.3568,  0.0427, -0.4916, -0.8344, -1.0401, -1.2701, -1.4599,
        -1.4785, -1.4436, -0.9368, -0.2927,  0.1009,  0.0103,  0.0000,  0.0000,
         0.0000,  0.0000,  0.0000,  0.0000], grad_fn=<SelectBackward>)
PYTORCH 3 6 tensor([ 0.0000,  0.0000,  0.0000,  0.0000,  0.0000,  0.0000,  0.0935,  0.3436,
         0.4604,  0.0551, -0.7267, -1.4250, -1.5087, -1.5434, -1.6505, -1.4756,
        -1.2169, -0.7995, -0.0617,  0.3706,  0.2715,  0.0170,  0.0000,  0.0000,
         0.0000,  0.0000,  0.0000,  0.0000], grad_fn=<SelectBackward>)
PYTORCH 3 7 tensor([ 0.0000,  0.0000,  0.0000,  0.0000,  0.0000,  0.0435,  0.2533,  0.4982,
         0.1199, -0.9471, -2.0325, -2.1409, -1.5645, -1.0903, -0.6693, -0.4074,
        -0.2496,  0.0163,  0.3203,  0.3704,  0.2010,  0.0160,  0.0000,  0.0000,
         0.0000,  0.0000,  0.0000,  0.0000], grad_fn=<SelectBackward>)
PYTORCH 3 8 tensor([ 0.0000,  0.0000,  0.0000,  0.0000,  0.0000,  0.2076,  0.4793,  0.4168,
        -0.7769, -2.3359, -2.4908, -1.3100, -0.2423,  0.0828,  0.2834,  0.2224,
         0.0921,  0.0775,  0.0869,  0.1195,  0.0110,  0.0000,  0.0000,  0.0000,
         0.0000,  0.0000,  0.0000,  0.0000], grad_fn=<SelectBackward>)
PYTORCH 3 9 tensor([ 0.0000,  0.0000,  0.0000,  0.0000,  0.0520,  0.3500,  0.5254, -0.3174,
        -1.9280, -2.5445, -1.3433,  0.0479,  0.3645,  0.2698,  0.1085,  0.0110,
         0.0000,  0.0000,  0.0000,  0.0000,  0.0000,  0.0000,  0.0000,  0.0000,
         0.0000,  0.0000,  0.0000,  0.0000], grad_fn=<SelectBackward>)
PYTORCH 3 10 tensor([ 0.0000,  0.0000,  0.0000,  0.0000,  0.2174,  0.5536,  0.2426, -1.3020,
        -2.6213, -1.8505, -0.3114,  0.4491,  0.1754, -0.0042, -0.0154, -0.0106,
        -0.0036,  0.0000,  0.0000,  0.0000,  0.0000,  0.0000,  0.0000,  0.0000,
         0.0000,  0.0000,  0.0000,  0.0000], grad_fn=<SelectBackward>)
PYTORCH 3 11 tensor([ 0.0000,  0.0000,  0.0000,  0.0000,  0.2598,  0.5236, -0.2494, -1.7134,
        -2.1275, -0.9062, -0.0336, -0.0385, -0.3622, -0.4558, -0.4480, -0.4404,
        -0.4151, -0.3891, -0.2872, -0.1219, -0.0296,  0.0000,  0.0000,  0.0000,
         0.0000,  0.0000,  0.0000,  0.0000], grad_fn=<SelectBackward>)
PYTORCH 3 12 tensor([-0.0827, -0.0415,  0.0000,  0.0000,  0.1849,  0.0589, -0.8844, -1.6596,
        -1.2294, -0.3676, -0.1531, -0.4366, -0.6008, -0.5355, -0.4779, -0.4649,
        -0.5696, -0.6875, -0.7390, -0.6844, -0.5056, -0.2615, -0.0604,  0.0000,
         0.0000,  0.0000,  0.0372,  0.0541], grad_fn=<SelectBackward>)
PYTORCH 3 13 tensor([-0.0531, -0.0227,  0.0000,  0.0000,  0.0130, -0.4546, -1.1599, -1.2743,
        -0.6740, -0.3351, -0.4632, -0.6904, -0.7403, -0.7258, -0.5907, -0.4835,
        -0.4861, -0.4201, -0.3558, -0.5496, -0.7859, -0.8012, -0.5502, -0.2368,
        -0.0249,  0.0000,  0.0059,  0.0171], grad_fn=<SelectBackward>)
PYTORCH 3 14 tensor([-0.0294,  0.0166,  0.0000,  0.0000, -0.2045, -0.7075, -1.0354, -1.0438,
        -0.7945, -0.7892, -0.9349, -1.1006, -1.0512, -0.8778, -0.7964, -0.8141,
        -0.7646, -0.5546, -0.4265, -0.3496, -0.4175, -0.7285, -0.8737, -0.6788,
        -0.2847, -0.0391,  0.0285,  0.0201], grad_fn=<SelectBackward>)
PYTORCH 3 15 tensor([-0.0069,  0.0067,  0.0000,  0.0000, -0.1254, -0.4593, -0.7236, -0.8048,
        -0.6714, -0.5952, -0.5864, -0.5864, -0.5564, -0.5278, -0.6125, -0.6284,
        -0.5988, -0.5550, -0.5369, -0.4137, -0.3931, -0.5374, -0.7983, -0.8385,
        -0.6200, -0.1967, -0.0180, -0.0700], grad_fn=<SelectBackward>)
PYTORCH 3 16 tensor([ 0.0532,  0.0349,  0.0000,  0.0000, -0.0125, -0.0941, -0.2305, -0.2723,
        -0.2048, -0.0910, -0.0451, -0.0451, -0.0588, -0.1373, -0.2450, -0.3069,
        -0.4058, -0.4198, -0.4281, -0.3556, -0.2120, -0.3378, -0.7959, -0.9381,
        -0.7402, -0.3124, -0.0230, -0.0645], grad_fn=<SelectBackward>)
PYTORCH 3 17 tensor([ 0.0000e+00,  0.0000e+00,  0.0000e+00,  0.0000e+00,  0.0000e+00,
         0.0000e+00,  0.0000e+00,  0.0000e+00,  0.0000e+00,  0.0000e+00,
         0.0000e+00,  0.0000e+00, -6.5693e-04, -4.4708e-03, -2.0351e-02,
        -9.7019e-02, -2.3206e-01, -3.7200e-01, -5.6056e-01, -5.0563e-01,
        -1.5500e-01, -1.2172e-01, -7.5638e-01, -1.0657e+00, -7.9598e-01,
        -2.2233e-01,  0.0000e+00,  0.0000e+00], grad_fn=<SelectBackward>)
PYTORCH 3 18 tensor([ 0.0000,  0.0000,  0.0000,  0.0000,  0.0000,  0.0000,  0.0000,  0.0000,
         0.0000,  0.0000,  0.0297,  0.0135, -0.0116, -0.0330, -0.0332,  0.0000,
         0.0000, -0.0283, -0.0652, -0.1160, -0.2408, -0.7016, -1.3450, -1.3375,
        -0.5184,  0.0247,  0.0000,  0.0000], grad_fn=<SelectBackward>)
PYTORCH 3 19 tensor([ 0.0000,  0.0000,  0.0000,  0.0000,  0.0000,  0.0000,  0.0000,  0.0000,
         0.0032,  0.2064,  0.1975, -0.0234, -0.2771, -0.3520, -0.1225,  0.0365,
         0.1328,  0.2630,  0.2806,  0.0355, -0.6797, -1.6982, -2.0496, -1.1702,
         0.0101,  0.2346,  0.0000,  0.0000], grad_fn=<SelectBackward>)
PYTORCH 3 20 tensor([ 0.0000,  0.0000,  0.0000,  0.0000,  0.0000,  0.0000,  0.0000,  0.0000,
         0.0780,  0.3372,  0.4360,  0.0409, -0.4154, -0.5239, -0.2593, -0.2113,
        -0.2547, -0.3034, -0.4092, -0.6936, -1.4038, -2.2692, -1.7857, -0.4768,
         0.3609,  0.2376,  0.0000,  0.0000], grad_fn=<SelectBackward>)
PYTORCH 3 21 tensor([ 0.0000,  0.0000,  0.0000,  0.0000,  0.0000,  0.0000,  0.0000,  0.0000,
         0.0603,  0.4990,  0.4566, -0.2032, -0.7649, -0.7107, -0.6612, -0.8179,
        -0.8940, -0.8860, -1.0099, -1.4047, -1.9477, -1.8125, -0.7718,  0.1636,
         0.3568,  0.1504,  0.0000,  0.0000], grad_fn=<SelectBackward>)
PYTORCH 3 22 tensor([ 0.0000,  0.0000,  0.0000,  0.0000,  0.0000,  0.0000,  0.0000,  0.0000,
         0.0651,  0.1389, -0.2397, -0.7969, -0.9487, -0.7204, -0.7207, -0.9120,
        -1.0478, -1.2193, -1.5295, -1.7555, -1.4477, -0.5622,  0.2020,  0.3959,
         0.2407,  0.0299,  0.0000,  0.0000], grad_fn=<SelectBackward>)
PYTORCH 3 23 tensor([ 0.0000,  0.0000,  0.0000,  0.0000,  0.0000,  0.0000,  0.0000,  0.0000,
        -0.0045, -0.1831, -0.7803, -1.1178, -1.1637, -0.9227, -1.1795, -1.3951,
        -1.4490, -1.3976, -1.2198, -0.7730, -0.1576,  0.3368,  0.3843,  0.2323,
         0.0339,  0.0000,  0.0000,  0.0000], grad_fn=<SelectBackward>)
PYTORCH 3 24 tensor([ 0.0000e+00,  0.0000e+00,  0.0000e+00,  0.0000e+00,  0.0000e+00,
         0.0000e+00,  0.0000e+00,  0.0000e+00, -7.0091e-02, -4.4077e-01,
        -9.8570e-01, -1.1490e+00, -1.0395e+00, -8.8455e-01, -9.3144e-01,
        -8.2345e-01, -5.6681e-01, -2.7513e-01,  7.1145e-04,  2.6710e-01,
         3.7004e-01,  2.6417e-01,  9.5778e-02,  0.0000e+00,  0.0000e+00,
         0.0000e+00,  0.0000e+00,  0.0000e+00], grad_fn=<SelectBackward>)
PYTORCH 3 25 tensor([ 0.0000,  0.0000,  0.0000,  0.0000,  0.0000,  0.0000,  0.0000,  0.0000,
        -0.0282, -0.2093, -0.4507, -0.4361, -0.2894, -0.0856, -0.0349,  0.0877,
         0.2254,  0.2943,  0.2392,  0.1382,  0.0527,  0.0130,  0.0000,  0.0000,
         0.0000,  0.0000,  0.0000,  0.0000], grad_fn=<SelectBackward>)
PYTORCH 3 26 tensor([0., 0., 0., 0., 0., 0., 0., 0., 0., 0., 0., 0., 0., 0., 0., 0., 0., 0., 0., 0., 0., 0., 0., 0.,
        0., 0., 0., 0.], grad_fn=<SelectBackward>)
PYTORCH 3 27 tensor([0., 0., 0., 0., 0., 0., 0., 0., 0., 0., 0., 0., 0., 0., 0., 0., 0., 0., 0., 0., 0., 0., 0., 0.,
        0., 0., 0., 0.], grad_fn=<SelectBackward>)
PYTORCH 4 0 tensor([0., 0., 0., 0., 0., 0., 0., 0., 0., 0., 0., 0., 0., 0., 0., 0., 0., 0., 0., 0., 0., 0., 0., 0.,
        0., 0., 0., 0.], grad_fn=<SelectBackward>)
PYTORCH 4 1 tensor([0., 0., 0., 0., 0., 0., 0., 0., 0., 0., 0., 0., 0., 0., 0., 0., 0., 0., 0., 0., 0., 0., 0., 0.,
        0., 0., 0., 0.], grad_fn=<SelectBackward>)
PYTORCH 4 2 tensor([0.0000, 0.0000, 0.0000, 0.0000, 0.0000, 0.0000, 0.0000, 0.0000, 0.0000,
        0.0000, 0.0000, 0.0000, 0.0311, 0.1716, 0.4477, 0.7067, 0.8745, 0.7503,
        0.5816, 0.3249, 0.2168, 0.0130, 0.0000, 0.0000, 0.0000, 0.0000, 0.0000,
        0.0000], grad_fn=<SelectBackward>)
PYTORCH 4 3 tensor([0.0000, 0.0000, 0.0000, 0.0000, 0.0000, 0.0000, 0.0000, 0.0000, 0.0000,
        0.0000, 0.0664, 0.2170, 0.4637, 0.7060, 1.0366, 1.4008, 1.5476, 1.3492,
        0.8526, 0.3992, 0.3001, 0.0223, 0.0000, 0.0000, 0.0000, 0.0000, 0.0000,
        0.0000], grad_fn=<SelectBackward>)
PYTORCH 4 4 tensor([0.0000, 0.0000, 0.0000, 0.0000, 0.0000, 0.0000, 0.0000, 0.0161, 0.1667,
        0.4211, 0.6704, 0.8732, 1.0964, 1.1214, 1.0101, 0.9417, 0.8611, 0.7640,
        0.2409, 0.1481, 0.0178, 0.0029, 0.0000, 0.0000, 0.0000, 0.0000, 0.0000,
        0.0000], grad_fn=<SelectBackward>)
PYTORCH 4 5 tensor([ 0.0000,  0.0000,  0.0000,  0.0000,  0.0000,  0.0000,  0.0000,  0.1326,
         0.3660,  0.7467,  0.9587,  0.9524,  0.8155,  0.7285,  0.3972, -0.0550,
        -0.0730, -0.3045, -0.3338, -0.1748, -0.0856, -0.0070,  0.0000,  0.0000,
         0.0000,  0.0000,  0.0000,  0.0000], grad_fn=<SelectBackward>)
PYTORCH 4 6 tensor([ 0.0000,  0.0000,  0.0000,  0.0000,  0.0000,  0.0000,  0.0942,  0.3317,
         0.6008,  0.7840,  0.7479,  0.6149,  0.2543, -0.1433, -0.4632, -0.7389,
        -0.7212, -0.6302, -0.1403, -0.0453,  0.1028,  0.0070,  0.0000,  0.0000,
         0.0000,  0.0000,  0.0000,  0.0000], grad_fn=<SelectBackward>)
PYTORCH 4 7 tensor([ 0.0000,  0.0000,  0.0000,  0.0000,  0.0000,  0.0439,  0.2466,  0.5187,
         0.8873,  0.7879,  0.3530, -0.0285, -0.4623, -0.7479, -0.6336, -0.4250,
        -0.3944, -0.1500,  0.0020,  0.1253,  0.1038,  0.0087,  0.0000,  0.0000,
         0.0000,  0.0000,  0.0000,  0.0000], grad_fn=<SelectBackward>)
PYTORCH 4 8 tensor([ 0.0000,  0.0000,  0.0000,  0.0000,  0.0000,  0.1932,  0.4388,  0.8864,
         0.9412,  0.3786, -0.2606, -0.4290, -0.5011, -0.2171,  0.0034,  0.0343,
        -0.0082,  0.0031,  0.0138,  0.0622,  0.0060,  0.0000,  0.0000,  0.0000,
         0.0000,  0.0000,  0.0000,  0.0000], grad_fn=<SelectBackward>)
PYTORCH 4 9 tensor([ 0.0000,  0.0000,  0.0000,  0.0000,  0.0525,  0.2542,  0.6764,  0.9470,
         0.4562, -0.0975, -0.2690, -0.1990,  0.0661,  0.1150,  0.0562,  0.0060,
         0.0000,  0.0000,  0.0000,  0.0000,  0.0000,  0.0000,  0.0000,  0.0000,
         0.0000,  0.0000,  0.0000,  0.0000], grad_fn=<SelectBackward>)
PYTORCH 4 10 tensor([ 0.0000,  0.0000,  0.0000,  0.0000,  0.2000,  0.4223,  0.9823,  0.7422,
         0.0877, -0.1045,  0.0491,  0.0740,  0.1191,  0.0234,  0.0108,  0.0065,
         0.0028,  0.0000,  0.0000,  0.0000,  0.0000,  0.0000,  0.0000,  0.0000,
         0.0000,  0.0000,  0.0000,  0.0000], grad_fn=<SelectBackward>)
PYTORCH 4 11 tensor([0.0000, 0.0000, 0.0000, 0.0000, 0.1185, 0.6432, 1.0608, 0.8673, 0.6730,
        0.9264, 1.1526, 1.2776, 1.1078, 0.9852, 0.8718, 0.7265, 0.5145, 0.3075,
        0.1969, 0.0803, 0.0232, 0.0000, 0.0000, 0.0000, 0.0000, 0.0000, 0.0000,
        0.0000], grad_fn=<SelectBackward>)
PYTORCH 4 12 tensor([ 0.0436,  0.0325,  0.0000,  0.0000, -0.0903,  0.2732,  0.3107,  0.3572,
         0.5878,  1.0777,  1.3248,  1.3568,  1.2999,  1.3424,  1.3463,  1.4350,
         1.3467,  1.1740,  0.8929,  0.5838,  0.3328,  0.1739,  0.0473,  0.0000,
         0.0000,  0.0000,  0.0375,  0.0765], grad_fn=<SelectBackward>)
PYTORCH 4 13 tensor([ 0.0089,  0.0186,  0.0000,  0.0000,  0.0121, -0.2211, -0.4325, -0.3799,
        -0.0710,  0.1712,  0.2837,  0.1851,  0.2073,  0.2168,  0.3607,  0.5916,
         0.7797,  1.0808,  1.2027,  1.1669,  0.8389,  0.5996,  0.3400,  0.1727,
         0.0195,  0.0000, -0.0079,  0.0342], grad_fn=<SelectBackward>)
PYTORCH 4 14 tensor([-0.0068, -0.0141,  0.0000,  0.0000,  0.0231, -0.3235, -0.4793, -0.4814,
        -0.2613, -0.2222, -0.2873, -0.3777, -0.4264, -0.4278, -0.3571, -0.3743,
        -0.1847,  0.0594,  0.5112,  0.9609,  1.1160,  0.8629,  0.5754,  0.4226,
         0.2035,  0.0306, -0.0183, -0.0053], grad_fn=<SelectBackward>)
PYTORCH 4 15 tensor([-0.0248, -0.0013,  0.0000,  0.0000, -0.0609, -0.2127, -0.3760, -0.4589,
        -0.4309, -0.4232, -0.4248, -0.4248, -0.3873, -0.2846, -0.3147, -0.3407,
        -0.3512, -0.3710, -0.2590,  0.1342,  0.7174,  0.9595,  0.6863,  0.4307,
         0.3685,  0.1548,  0.0229, -0.0074], grad_fn=<SelectBackward>)
PYTORCH 4 16 tensor([ 0.0196,  0.0191,  0.0000,  0.0000, -0.0079, -0.0629, -0.1695, -0.2329,
        -0.2321, -0.1824, -0.1573, -0.1573, -0.1650, -0.2142, -0.2833, -0.2605,
        -0.2826, -0.2531, -0.2994, -0.2908,  0.1261,  0.7660,  0.7040,  0.3749,
         0.2946,  0.2471, -0.0146, -0.0468], grad_fn=<SelectBackward>)
PYTORCH 4 17 tensor([ 0.0000e+00,  0.0000e+00,  0.0000e+00,  0.0000e+00,  0.0000e+00,
         0.0000e+00,  0.0000e+00,  0.0000e+00,  0.0000e+00,  0.0000e+00,
         0.0000e+00,  0.0000e+00, -4.1662e-04, -3.0044e-03, -1.4008e-02,
        -6.6846e-02, -1.7291e-01, -2.2332e-01, -3.0959e-01, -3.2374e-01,
        -1.0791e-01,  4.6268e-01,  8.0378e-01,  3.2345e-01,  2.4223e-01,
         1.7775e-01,  0.0000e+00,  0.0000e+00], grad_fn=<SelectBackward>)
PYTORCH 4 18 tensor([ 0.0000,  0.0000,  0.0000,  0.0000,  0.0000,  0.0000,  0.0000,  0.0000,
         0.0000,  0.0000,  0.0300,  0.0313,  0.0306,  0.0089,  0.0260,  0.0000,
         0.0000, -0.0096,  0.0219,  0.2255,  0.2338,  0.5239,  0.6278,  0.3608,
         0.2449,  0.0384,  0.0000,  0.0000], grad_fn=<SelectBackward>)
PYTORCH 4 19 tensor([0.0000, 0.0000, 0.0000, 0.0000, 0.0000, 0.0000, 0.0000, 0.0000, 0.0032,
        0.2101, 0.3141, 0.3567, 0.2093, 0.2266, 0.1363, 0.0815, 0.2116, 0.4484,
        0.6832, 0.8775, 0.8968, 0.6477, 0.1817, 0.1688, 0.0749, 0.0310, 0.0000,
        0.0000], grad_fn=<SelectBackward>)
PYTORCH 4 20 tensor([ 0.0000,  0.0000,  0.0000,  0.0000,  0.0000,  0.0000,  0.0000,  0.0000,
         0.0775,  0.3126,  0.8084,  1.0870,  0.8963,  1.1330,  1.1247,  1.0981,
         1.1519,  1.2423,  1.2139,  1.0597,  0.8625,  0.1339, -0.2815, -0.1757,
        -0.0432,  0.0894,  0.0000,  0.0000], grad_fn=<SelectBackward>)
PYTORCH 4 21 tensor([ 0.0000,  0.0000,  0.0000,  0.0000,  0.0000,  0.0000,  0.0000,  0.0000,
         0.0281,  0.2370,  0.9518,  1.2516,  1.3433,  1.5279,  1.5736,  1.4528,
         1.1977,  0.9873,  0.8183,  0.4830, -0.0476, -0.5746, -0.4397, -0.2454,
         0.0883,  0.0779,  0.0000,  0.0000], grad_fn=<SelectBackward>)
PYTORCH 4 22 tensor([ 0.0000,  0.0000,  0.0000,  0.0000,  0.0000,  0.0000,  0.0000,  0.0000,
        -0.0459,  0.0158,  0.1116,  0.2646,  0.2236,  0.3279,  0.4326,  0.3962,
         0.2749,  0.1252, -0.1158, -0.4423, -0.7817, -0.5626, -0.2054,  0.1032,
         0.1185,  0.0163,  0.0000,  0.0000], grad_fn=<SelectBackward>)
PYTORCH 4 23 tensor([ 0.0000,  0.0000,  0.0000,  0.0000,  0.0000,  0.0000,  0.0000,  0.0000,
         0.0240, -0.0909, -0.3526, -0.3928, -0.3425, -0.2801, -0.3239, -0.3862,
        -0.4538, -0.6027, -0.7440, -0.6867, -0.3825, -0.0313,  0.1294,  0.1176,
         0.0185,  0.0000,  0.0000,  0.0000], grad_fn=<SelectBackward>)
PYTORCH 4 24 tensor([ 0.0000,  0.0000,  0.0000,  0.0000,  0.0000,  0.0000,  0.0000,  0.0000,
        -0.0023, -0.0522, -0.3964, -0.4761, -0.5439, -0.4860, -0.5742, -0.6009,
        -0.5557, -0.4295, -0.2562, -0.0343,  0.1077,  0.1164,  0.0523,  0.0000,
         0.0000,  0.0000,  0.0000,  0.0000], grad_fn=<SelectBackward>)
PYTORCH 4 25 tensor([ 0.0000,  0.0000,  0.0000,  0.0000,  0.0000,  0.0000,  0.0000,  0.0000,
        -0.0179, -0.1400, -0.3376, -0.3948, -0.3713, -0.2634, -0.2322, -0.1446,
        -0.0286,  0.0659,  0.0844,  0.0597,  0.0252,  0.0071,  0.0000,  0.0000,
         0.0000,  0.0000,  0.0000,  0.0000], grad_fn=<SelectBackward>)
PYTORCH 4 26 tensor([0., 0., 0., 0., 0., 0., 0., 0., 0., 0., 0., 0., 0., 0., 0., 0., 0., 0., 0., 0., 0., 0., 0., 0.,
        0., 0., 0., 0.], grad_fn=<SelectBackward>)
PYTORCH 4 27 tensor([0., 0., 0., 0., 0., 0., 0., 0., 0., 0., 0., 0., 0., 0., 0., 0., 0., 0., 0., 0., 0., 0., 0., 0.,
        0., 0., 0., 0.], grad_fn=<SelectBackward>)
PYTORCH 5 0 tensor([0., 0., 0., 0., 0., 0., 0., 0., 0., 0., 0., 0., 0., 0., 0., 0., 0., 0., 0., 0., 0., 0., 0., 0.,
        0., 0., 0., 0.], grad_fn=<SelectBackward>)
PYTORCH 5 1 tensor([0., 0., 0., 0., 0., 0., 0., 0., 0., 0., 0., 0., 0., 0., 0., 0., 0., 0., 0., 0., 0., 0., 0., 0.,
        0., 0., 0., 0.], grad_fn=<SelectBackward>)
PYTORCH 5 2 tensor([0.0000, 0.0000, 0.0000, 0.0000, 0.0000, 0.0000, 0.0000, 0.0000, 0.0000,
        0.0000, 0.0000, 0.0000, 0.0223, 0.1049, 0.2253, 0.3119, 0.4876, 0.6033,
        0.7200, 0.6267, 0.3329, 0.0193, 0.0000, 0.0000, 0.0000, 0.0000, 0.0000,
        0.0000], grad_fn=<SelectBackward>)
PYTORCH 5 3 tensor([0.0000, 0.0000, 0.0000, 0.0000, 0.0000, 0.0000, 0.0000, 0.0000, 0.0000,
        0.0000, 0.0476, 0.1167, 0.2592, 0.5622, 1.0920, 1.5671, 1.7861, 1.4554,
        1.1472, 0.8357, 0.4367, 0.0312, 0.0000, 0.0000, 0.0000, 0.0000, 0.0000,
        0.0000], grad_fn=<SelectBackward>)
PYTORCH 5 4 tensor([0.0000, 0.0000, 0.0000, 0.0000, 0.0000, 0.0000, 0.0000, 0.0115, 0.1101,
        0.2068, 0.3743, 0.7379, 1.2668, 1.5160, 1.5734, 1.6224, 1.3737, 0.9111,
        0.5675, 0.4099, 0.0441, 0.0038, 0.0000, 0.0000, 0.0000, 0.0000, 0.0000,
        0.0000], grad_fn=<SelectBackward>)
PYTORCH 5 5 tensor([ 0.0000,  0.0000,  0.0000,  0.0000,  0.0000,  0.0000,  0.0000,  0.1177,
         0.4012,  0.7524,  1.0739,  1.3590,  1.4627,  1.1866,  0.6239,  0.1841,
        -0.2257, -0.6620, -0.5919, -0.3168, -0.2174, -0.0155,  0.0000,  0.0000,
         0.0000,  0.0000,  0.0000,  0.0000], grad_fn=<SelectBackward>)
PYTORCH 5 6 tensor([ 0.0000,  0.0000,  0.0000,  0.0000,  0.0000,  0.0000,  0.0676,  0.3761,
         0.6410,  0.8378,  1.0691,  1.0324,  0.4589, -0.2441, -0.8614, -1.3371,
        -1.6397, -1.6515, -1.0926, -0.7723, -0.2692, -0.0168,  0.0000,  0.0000,
         0.0000,  0.0000,  0.0000,  0.0000], grad_fn=<SelectBackward>)
PYTORCH 5 7 tensor([ 0.0000,  0.0000,  0.0000,  0.0000,  0.0000,  0.0315,  0.2838,  0.6649,
         0.8277,  0.7665,  0.5898, -0.0744, -0.9200, -1.4478, -1.5102, -1.3537,
        -1.3361, -1.0115, -0.6536, -0.4213, -0.1284, -0.0088,  0.0000,  0.0000,
         0.0000,  0.0000,  0.0000,  0.0000], grad_fn=<SelectBackward>)
PYTORCH 5 8 tensor([ 0.0000,  0.0000,  0.0000,  0.0000,  0.0000,  0.2004,  0.5385,  0.8606,
         0.6693,  0.3136, -0.2580, -1.0312, -1.4256, -1.0698, -0.6613, -0.5006,
        -0.3681, -0.1405, -0.1391, -0.0744, -0.0061,  0.0000,  0.0000,  0.0000,
         0.0000,  0.0000,  0.0000,  0.0000], grad_fn=<SelectBackward>)
PYTORCH 5 9 tensor([ 0.0000,  0.0000,  0.0000,  0.0000,  0.0376,  0.4420,  0.8100,  0.7884,
         0.3054, -0.0937, -0.5840, -0.8572, -0.5332, -0.2371, -0.0683, -0.0061,
         0.0000,  0.0000,  0.0000,  0.0000,  0.0000,  0.0000,  0.0000,  0.0000,
         0.0000,  0.0000,  0.0000,  0.0000], grad_fn=<SelectBackward>)
PYTORCH 5 10 tensor([ 0.0000,  0.0000,  0.0000,  0.0000,  0.2173,  0.6056,  0.8250,  0.3264,
        -0.0469, -0.1542, -0.4206, -0.5372, -0.1018,  0.0116,  0.0163,  0.0118,
         0.0041,  0.0000,  0.0000,  0.0000,  0.0000,  0.0000,  0.0000,  0.0000,
         0.0000,  0.0000,  0.0000,  0.0000], grad_fn=<SelectBackward>)
PYTORCH 5 11 tensor([0.0000, 0.0000, 0.0000, 0.0000, 0.3886, 0.8553, 0.7070, 0.1660, 0.1838,
        0.2765, 0.3312, 0.7315, 0.9235, 0.8899, 0.8597, 0.7149, 0.5311, 0.4268,
        0.3149, 0.1373, 0.0345, 0.0000, 0.0000, 0.0000, 0.0000, 0.0000, 0.0000,
        0.0000], grad_fn=<SelectBackward>)
PYTORCH 5 12 tensor([0.0897, 0.0484, 0.0000, 0.0000, 0.2344, 0.5559, 0.2520, 0.1091, 0.3842,
        0.8282, 1.1904, 1.6079, 1.6421, 1.5754, 1.5013, 1.3936, 1.2638, 1.1387,
        0.9300, 0.7344, 0.5441, 0.2951, 0.0705, 0.0000, 0.0000, 0.0000, 0.0269,
        0.0329], grad_fn=<SelectBackward>)
PYTORCH 5 13 tensor([ 0.0350,  0.0228,  0.0000,  0.0000,  0.0653, -0.1838, -0.5932, -0.5765,
        -0.3976, -0.0916,  0.3678,  0.5750,  0.6192,  0.7649,  0.9146,  1.0501,
         1.1488,  1.2465,  1.1212,  1.0078,  0.8633,  0.8151,  0.5974,  0.2721,
         0.0290,  0.0000,  0.0471,  0.0944], grad_fn=<SelectBackward>)
PYTORCH 5 14 tensor([ 0.0017, -0.0166,  0.0000,  0.0000, -0.0559, -0.5158, -0.9022, -1.1364,
        -1.1685, -1.0950, -0.8991, -0.8075, -0.8456, -0.8192, -0.6898, -0.4960,
        -0.1419,  0.2856,  0.7576,  1.0359,  0.9397,  0.7934,  0.8164,  0.7144,
         0.3234,  0.0456, -0.0084, -0.0088], grad_fn=<SelectBackward>)
PYTORCH 5 15 tensor([-0.0523, -0.0198,  0.0000,  0.0000, -0.1314, -0.4050, -0.6757, -1.0540,
        -1.3754, -1.5116, -1.5376, -1.5376, -1.4766, -1.3326, -1.3477, -1.3274,
        -1.2176, -1.0396, -0.6244,  0.0474,  0.6312,  0.6640,  0.6260,  0.7382,
         0.6534,  0.2260,  0.0217, -0.0104], grad_fn=<SelectBackward>)
PYTORCH 5 16 tensor([-0.0558, -0.0193,  0.0000,  0.0000, -0.0155, -0.1156, -0.2899, -0.4194,
        -0.5464, -0.6440, -0.6695, -0.6695, -0.6851, -0.7753, -0.8899, -0.9164,
        -1.0555, -1.1458, -1.1820, -0.9632, -0.3676,  0.1280,  0.2306,  0.5076,
         0.6752,  0.3515, -0.0285, -0.0780], grad_fn=<SelectBackward>)
PYTORCH 5 17 tensor([ 0.0000e+00,  0.0000e+00,  0.0000e+00,  0.0000e+00,  0.0000e+00,
         0.0000e+00,  0.0000e+00,  0.0000e+00,  0.0000e+00,  0.0000e+00,
         0.0000e+00,  0.0000e+00, -8.1346e-04, -5.4837e-03, -2.5474e-02,
        -1.2335e-01, -3.0364e-01, -4.5975e-01, -7.1827e-01, -9.0721e-01,
        -6.4515e-01, -4.5046e-01, -2.8101e-01,  1.7831e-01,  5.1677e-01,
         2.3928e-01,  0.0000e+00,  0.0000e+00], grad_fn=<SelectBackward>)
PYTORCH 5 18 tensor([ 0.0000,  0.0000,  0.0000,  0.0000,  0.0000,  0.0000,  0.0000,  0.0000,
         0.0000,  0.0000,  0.0215,  0.0048,  0.0082,  0.0331,  0.0387,  0.0000,
         0.0000, -0.0465, -0.1397, -0.1153, -0.0759, -0.1578, -0.1576,  0.0741,
         0.1124, -0.0588,  0.0000,  0.0000], grad_fn=<SelectBackward>)
PYTORCH 5 19 tensor([ 0.0000,  0.0000,  0.0000,  0.0000,  0.0000,  0.0000,  0.0000,  0.0000,
         0.0023,  0.1487,  0.1449,  0.1181,  0.2866,  0.3997,  0.1678,  0.0564,
         0.1323,  0.2682,  0.5314,  0.8793,  0.9573,  0.5445,  0.0266, -0.1793,
        -0.4406, -0.2417,  0.0000,  0.0000], grad_fn=<SelectBackward>)
PYTORCH 5 20 tensor([ 0.0000,  0.0000,  0.0000,  0.0000,  0.0000,  0.0000,  0.0000,  0.0000,
         0.0601,  0.4708,  0.6266,  0.6303,  0.8196,  1.1137,  0.9411,  0.9363,
         1.1642,  1.4504,  1.5706,  1.5478,  1.1333,  0.1818, -0.4089, -0.6065,
        -0.6635, -0.2045,  0.0000,  0.0000], grad_fn=<SelectBackward>)
PYTORCH 5 21 tensor([ 0.0000,  0.0000,  0.0000,  0.0000,  0.0000,  0.0000,  0.0000,  0.0000,
         0.1306,  0.5852,  0.9466,  1.0943,  1.5759,  1.8985,  1.9149,  1.9048,
         1.8273,  1.6450,  1.2655,  0.6841, -0.1159, -0.8814, -0.8944, -0.8066,
        -0.4486, -0.0971,  0.0000,  0.0000], grad_fn=<SelectBackward>)
PYTORCH 5 22 tensor([ 0.0000,  0.0000,  0.0000,  0.0000,  0.0000,  0.0000,  0.0000,  0.0000,
         0.0422,  0.4375,  0.4840,  0.4883,  0.6892,  0.7880,  0.8537,  0.7685,
         0.5472,  0.2553, -0.2081, -0.8074, -1.3442, -1.2723, -0.9091, -0.5359,
        -0.1714, -0.0166,  0.0000,  0.0000], grad_fn=<SelectBackward>)
PYTORCH 5 23 tensor([ 0.0000,  0.0000,  0.0000,  0.0000,  0.0000,  0.0000,  0.0000,  0.0000,
         0.0324, -0.1300, -0.5898, -0.7447, -0.8327, -0.9270, -0.7877, -0.7887,
        -0.9278, -1.1996, -1.4740, -1.5327, -1.2254, -0.7599, -0.4348, -0.1541,
        -0.0188,  0.0000,  0.0000,  0.0000], grad_fn=<SelectBackward>)
PYTORCH 5 24 tensor([ 0.0000,  0.0000,  0.0000,  0.0000,  0.0000,  0.0000,  0.0000,  0.0000,
        -0.0328, -0.1994, -0.6929, -1.0654, -1.4736, -1.7128, -1.7697, -1.7846,
        -1.7368, -1.5398, -1.1842, -0.7655, -0.4462, -0.2244, -0.0530,  0.0000,
         0.0000,  0.0000,  0.0000,  0.0000], grad_fn=<SelectBackward>)
PYTORCH 5 25 tensor([ 0.0000,  0.0000,  0.0000,  0.0000,  0.0000,  0.0000,  0.0000,  0.0000,
        -0.0350, -0.2569, -0.5685, -0.7284, -0.9642, -1.0861, -1.0447, -0.8961,
        -0.6982, -0.4740, -0.2671, -0.1173, -0.0389, -0.0072,  0.0000,  0.0000,
         0.0000,  0.0000,  0.0000,  0.0000], grad_fn=<SelectBackward>)
PYTORCH 5 26 tensor([0., 0., 0., 0., 0., 0., 0., 0., 0., 0., 0., 0., 0., 0., 0., 0., 0., 0., 0., 0., 0., 0., 0., 0.,
        0., 0., 0., 0.], grad_fn=<SelectBackward>)
PYTORCH 5 27 tensor([0., 0., 0., 0., 0., 0., 0., 0., 0., 0., 0., 0., 0., 0., 0., 0., 0., 0., 0., 0., 0., 0., 0., 0.,
        0., 0., 0., 0.], grad_fn=<SelectBackward>)
